
SUMMARISING RUN PARAMETERS
==========================
Input filename: SCA_1_raw.fastq
Trimming mode: single-end
Trim Galore version: 0.4.4
Cutadapt version: 1.14
Quality Phred score cutoff: 20
Quality encoding type selected: ASCII+33
Adapter sequence: 'AGATCGGAAGAGC' (Illumina TruSeq, Sanger iPCR; auto-detected)
Maximum trimming error rate: 0.1 (default)
Minimum required adapter overlap (stringency): 1 bp
Minimum required sequence length before a sequence gets removed: 20 bp


This is cutadapt 1.14 with Python 2.7.8
Command line parameters: -f fastq -e 0.1 -q 20 -O 1 -a AGATCGGAAGAGC SCA_1_raw.fastq
Trimming 1 adapter with at most 10.0% errors in single-end mode ...
Finished in 264.34 s (32 us/read; 1.90 M reads/minute).

=== Summary ===

Total reads processed:               8,370,093
Reads with adapters:                 3,935,079 (47.0%)
Reads written (passing filters):     8,370,093 (100.0%)

Total basepairs processed: 1,054,631,718 bp
Quality-trimmed:               8,234,766 bp (0.8%)
Total written (filtered):  1,007,816,981 bp (95.6%)

=== Adapter 1 ===

Sequence: AGATCGGAAGAGC; Type: regular 3'; Length: 13; Trimmed: 3935079 times.

No. of allowed errors:
0-9 bp: 0; 10-13 bp: 1

Bases preceding removed adapters:
  A: 28.1%
  C: 28.9%
  G: 20.5%
  T: 22.1%
  none/other: 0.4%

Overview of removed sequences
length	count	expect	max.err	error counts
1	1723379	2092523.2	0	1723379
2	408351	523130.8	0	408351
3	182965	130782.7	0	182965
4	82509	32695.7	0	82509
5	61658	8173.9	0	61658
6	54780	2043.5	0	54780
7	57579	510.9	0	57579
8	51502	127.7	0	51502
9	59748	31.9	0	59018 730
10	55466	8.0	1	52909 2557
11	50935	2.0	1	49432 1503
12	53049	0.5	1	52008 1041
13	63494	0.1	1	62375 1119
14	37906	0.1	1	37174 732
15	54176	0.1	1	53190 986
16	35720	0.1	1	35060 660
17	45859	0.1	1	45020 839
18	38939	0.1	1	38257 682
19	40152	0.1	1	39446 706
20	44676	0.1	1	43807 869
21	40215	0.1	1	39491 724
22	38774	0.1	1	38062 712
23	38084	0.1	1	37384 700
24	38937	0.1	1	38190 747
25	43625	0.1	1	42886 739
26	21698	0.1	1	21268 430
27	30117	0.1	1	29548 569
28	34303	0.1	1	33645 658
29	23369	0.1	1	22943 426
30	25790	0.1	1	25313 477
31	25324	0.1	1	24836 488
32	33438	0.1	1	32846 592
33	17554	0.1	1	17195 359
34	24034	0.1	1	23594 440
35	25548	0.1	1	25090 458
36	19205	0.1	1	18824 381
37	17474	0.1	1	17174 300
38	16950	0.1	1	16656 294
39	12807	0.1	1	12594 213
40	16859	0.1	1	16554 305
41	13860	0.1	1	13612 248
42	13858	0.1	1	13623 235
43	17264	0.1	1	16986 278
44	7157	0.1	1	7043 114
45	12831	0.1	1	12631 200
46	8346	0.1	1	8214 132
47	9914	0.1	1	9730 184
48	6748	0.1	1	6621 127
49	7679	0.1	1	7541 138
50	5344	0.1	1	5230 114
51	6295	0.1	1	6196 99
52	7440	0.1	1	7310 130
53	6051	0.1	1	5945 106
54	4437	0.1	1	4354 83
55	6212	0.1	1	6104 108
56	3638	0.1	1	3572 66
57	3662	0.1	1	3585 77
58	3519	0.1	1	3446 73
59	2417	0.1	1	2377 40
60	1934	0.1	1	1891 43
61	2914	0.1	1	2861 53
62	1864	0.1	1	1811 53
63	2309	0.1	1	2260 49
64	2069	0.1	1	2022 47
65	1854	0.1	1	1812 42
66	1695	0.1	1	1653 42
67	1453	0.1	1	1396 57
68	1223	0.1	1	1162 61
69	1076	0.1	1	1013 63
70	925	0.1	1	840 85
71	1002	0.1	1	811 191
72	1376	0.1	1	815 561
73	8446	0.1	1	933 7513
74	8277	0.1	1	2384 5893
75	1896	0.1	1	1400 496
76	426	0.1	1	352 74
77	116	0.1	1	90 26
78	36	0.1	1	18 18
79	24	0.1	1	7 17
80	23	0.1	1	6 17
81	17	0.1	1	2 15
82	21	0.1	1	2 19
83	10	0.1	1	0 10
84	10	0.1	1	0 10
85	12	0.1	1	1 11
86	13	0.1	1	2 11
87	17	0.1	1	2 15
88	11	0.1	1	0 11
89	22	0.1	1	0 22
90	12	0.1	1	0 12
91	17	0.1	1	1 16
92	17	0.1	1	0 17
93	6	0.1	1	0 6
94	13	0.1	1	0 13
95	9	0.1	1	0 9
96	12	0.1	1	0 12
97	10	0.1	1	0 10
98	9	0.1	1	0 9
99	12	0.1	1	3 9
100	11	0.1	1	2 9
101	5	0.1	1	1 4
102	8	0.1	1	0 8
103	12	0.1	1	0 12
104	14	0.1	1	0 14
105	5	0.1	1	0 5
106	6	0.1	1	0 6
107	10	0.1	1	0 10
108	8	0.1	1	0 8
109	7	0.1	1	0 7
110	8	0.1	1	0 8
111	14	0.1	1	1 13
112	6	0.1	1	0 6
113	11	0.1	1	0 11
114	9	0.1	1	1 8
115	6	0.1	1	0 6
116	4	0.1	1	0 4
117	7	0.1	1	0 7
118	10	0.1	1	1 9
119	9	0.1	1	0 9
120	2	0.1	1	0 2
121	10	0.1	1	0 10
122	10	0.1	1	0 10
123	8	0.1	1	0 8
124	14	0.1	1	0 14
125	14	0.1	1	2 12
126	43	0.1	1	0 43


RUN STATISTICS FOR INPUT FILE: SCA_1_raw.fastq
=============================================
8370093 sequences processed in total
Sequences removed because they became shorter than the length cutoff of 20 bp:	40808 (0.5%)

